0      10001
30     10002
50     10003
52     10004
58     10005
60     10006
61     10007
77     10009
95     10010
112    10011
123    10012
131    10013
146    10014
166    10016
176    10017
182    10018
207    10019
208    10020
216    10021
226    10022
248    10023
261    10024
284    10025
301    10026
322    10027
340    10028
358    10029
376    10030
388    10031
414    10032
429    10033
449    10034
464    10035
485    10036
486    10037
499    10038
504    10039
515    10040
531    10044
536    10065
548    10069
550    10075
558    10111
559    10115
565    10128
570    10129
571    10153
574    10155
577    10158
584    10162
585    10199
586    10275
587    10279
589    10280
591    10281
592    10282
598    10285
599    11109