40.701456281111106
40.69993006777777
40.70502068333333
40.703494469999995
40.70196825666666
40.708585085555555
40.70705887222222
40.705532658888885
40.70400644555555
40.710623274444444
40.70909706111111
40.707570847777774
40.70604463444444
40.70451842111111
40.71266146333333
40.71113525
40.70960903666666
40.70808282333333
40.70655661
40.71469965222222
40.71317343888889
40.71164722555555
40.71012101222222
40.70859479888889
40.71826405444445
40.71673784111111
40.71521162777778
40.71368541444444
40.712159201111106
40.71063298777778
40.70910677444444
40.71877603
40.717249816666666
40.71572360333333
40.714197389999995
40.71267117666667
40.71114496333333
40.72081421888889
40.719288005555555
40.71776179222222
40.716235578888885
40.71470936555556
40.71318315222222
40.724378621111114
40.72285240777778
40.721326194444444
40.71979998111111
40.718273767777774
40.716747554444446
40.71522134111111
40.72641681
40.72489059666667
40.72336438333333
40.72183817
40.72031195666666
40.718785743333335
40.71725953
40.715733316666665
40.71420710333334
40.71268089
40.72845499888889
40.72692878555556
40.72540257222222
40.72387635888889
40.72235014555555
40.720823932222224
40.71929771888889
40.717771505555554
40.716245292222226
40.71471907888889
40.73049318777778
40.72896697444445
40.72744076111111
40.725914547777776
40.72438833444444
40.72286212111111
40.72133590777778
40.71980969444444
40.718283481111115
40.71675726777778
40.73405759
40.73253137666667
40.731005163333336
40.72947895
40.727952736666666
40.72642652333333
40.72490031
40.72337409666667
40.72184788333333
40.720321670000004
40.71879545666667
40.73609577888889
40.73456956555556
40.733043352222225
40.73151713888889
40.729990925555555
40.72846471222222
40.72693849888889
40.72541228555556
40.72388607222222
40.72235985888889
40.73966018111111
40.73813396777778
40.73660775444445
40.735081541111114
40.73355532777778
40.732029114444444
40.73050290111111
40.72897668777778
40.727450474444446
40.72592426111111
40.72439804777778
40.74169837
40.74017215666667
40.73864594333334
40.73711973
40.73559351666667
40.73406730333333
40.73254109
40.73101487666667
40.729488663333335
40.72796245
40.72643623666667
40.74373655888889
40.742210345555556
40.74068413222223
40.73915791888889
40.73763170555556
40.73610549222222
40.73457927888889
40.73305306555556
40.731526852222224
40.73000063888889
40.72847442555556
40.74577474777778
40.744248534444445
40.74272232111112
40.74119610777778
40.73966989444445
40.73814368111111
40.736617467777776
40.73509125444445
40.73356504111111
40.73203882777778
40.749339150000004
40.74781293666667
40.746286723333334
40.744760510000006
40.74323429666667
40.741708083333336
40.74018187
40.738655656666666
40.73712944333334
40.73560323
40.73407701666667
40.751377338888894
40.74985112555556
40.74832491222222
40.746798698888895
40.74527248555556
40.743746272222225
40.74222005888889
40.740693845555555
40.73916763222223
40.73764141888889
40.75341552777778
40.75188931444445
40.75036310111111
40.748836887777784
40.74731067444445
40.745784461111114
40.74425824777778
40.742732034444444
40.741205821111116
40.73967960777778
40.75545371666667
40.75392750333334
40.75240129
40.750875076666674
40.74934886333334
40.74782265
40.74629643666667
40.74477022333333
40.743244010000005
40.74171779666667
40.75749190555556
40.755965692222226
40.75443947888889
40.75291326555556
40.75138705222223
40.74986083888889
40.74833462555556
40.74680841222222
40.745282198888894
40.74375598555556
40.75953009444445
40.758003881111115
40.75647766777778
40.75495145444445
40.75342524111112
40.75189902777778
40.75037281444445
40.74884660111111
40.74732038777778
40.76156828333334
40.760042070000004
40.75851585666667
40.75698964333334
40.755463430000006
40.75393721666667
40.752411003333336
40.75088479
40.74935857666667
40.74783236333334
40.76360647222223
40.76208025888889
40.76055404555556
40.75902783222223
40.757501618888895
40.75597540555556
40.754449192222225
40.75292297888889
40.75139676555556
40.76564466111112
40.76411844777778
40.76259223444445
40.76106602111112
40.759539807777784
40.75801359444445
40.756487381111114
40.75496116777778
40.75343495444445
40.751908741111116
40.76768285000001
40.76615663666667
40.76463042333334
40.76310421000001
40.761577996666674
40.76005178333334
40.75852557
40.75699935666667
40.75547314333334
40.753946930000005
40.75242071666667
40.769721038888896
40.76819482555556
40.766668612222226
40.7651423988889
40.76361618555556
40.76208997222223
40.76056375888889
40.75903754555556
40.75751133222223
40.755985118888894
40.771759227777785
40.77023301444445
40.768706801111115
40.76718058777779
40.76565437444445
40.76412816111112
40.76260194777778
40.76107573444445
40.75954952111112
40.75802330777778
40.75649709444445
40.773797416666675
40.77227120333334
40.770744990000004
40.769218776666676
40.766166350000006
40.76464013666667
40.763113923333336
40.76158771000001
40.76006149666667
40.75853528333334
40.75700907000001
40.775835605555564
40.77430939222223
40.77278317888889
40.771256965555565
40.76973075222223
40.768204538888895
40.76667832555556
40.765152112222225
40.7636258988889
40.76209968555556
40.76057347222223
40.7590472588889
40.77787379444445
40.77634758111112
40.77482136777778
40.773295154444455
40.770242727777784
40.76871651444445
40.767190301111114
40.765664087777786
40.76413787444445
40.762611661111116
40.76108544777779
40.77991198333334
40.77838577000001
40.77685955666667
40.775333343333344
40.77228091666667
40.77075470333334
40.76922849
40.767702276666675
40.76617606333334
40.764649850000005
40.78195017222223
40.780423958888896
40.77889774555556
40.77737153222223
40.77431910555556
40.77279289222223
40.77126667888889
40.769740465555564
40.76821425222223
40.766688038888894
40.765161825555566
40.78398836111112
40.782462147777785
40.78093593444445
40.77940972111112
40.77635729444445
40.77483108111112
40.77330486777778
40.771778654444454
40.77025244111112
40.76872622777778
40.767200014444455
40.78602655000001
40.784500336666675
40.78297412333334
40.78144791000001
40.779921696666676
40.77839548333334
40.776869270000006
40.77534305666667
40.77381684333334
40.77229063000001
40.77076441666667
40.769238203333344
40.7880647388889
40.786538525555564
40.78501231222223
40.7834860988889
40.78043367222223
40.778907458888895
40.77738124555556
40.77585503222223
40.7743288188889
40.77280260555556
40.771276392222234
40.79010292777779
40.78857671444445
40.78705050111112
40.78552428777779
40.78247186111112
40.780945647777784
40.77941943444445
40.77789322111112
40.776367007777786
40.77484079444445
40.79214111666668
40.79061490333334
40.78908869000001
40.78756247666668
40.78451005000001
40.78298383666667
40.78145762333334
40.77993141000001
40.778405196666675
40.77687898333334
40.794179305555566
40.79265309222223
40.791126878888896
40.78960066555557
40.7865482388889
40.78502202555556
40.78349581222223
40.7819695988889
40.780443385555564
40.796217494444456
40.79469128111112
40.793165067777785
40.79163885444446
40.78858642777779
40.78706021444445
40.78553400111112
40.78400778777779
40.798255683333345
40.79672947000001
40.795203256666674
40.793677043333346
40.790624616666676
40.78909840333334
40.787572190000006
40.78604597666668
40.78451976333334
40.800293872222234
40.7987676588889
40.797241445555564
40.795715232222236
40.792662805555565
40.79113659222223
40.789610378888895
40.78808416555557
40.78655795222223
40.80233206111112
40.80080584777779
40.79927963444445
40.797753421111125
40.794700994444455
40.79317478111112
40.791648567777784
40.790122354444456
40.78859614111112
40.80437025000001
40.80284403666668
40.80131782333334
40.799791610000014
40.79826539666668
40.796739183333344
40.79521297000001
40.79368675666667
40.792160543333345
40.79063433000001
40.8064084388889
40.804882225555566
40.80335601222223
40.8018297988889
40.80030358555557
40.79877737222223
40.7972511588889
40.79572494555556
40.794198732222235
40.80844662777779
40.806920414444456
40.80539420111112
40.80386798777779
40.80234177444446
40.80081556111112
40.79928934777779
40.79776313444445
40.796236921111124
40.79471070777779
40.81048481666668
40.808958603333345
40.80743239000001
40.80590617666668
40.804379963333346
40.80285375000001
40.801327536666676
40.79980132333334
40.79827511000001
40.79674889666668
40.81252300555557
40.810996792222234
40.8094705788889
40.80794436555557
40.806418152222236
40.803365725555565
40.80183951222223
40.8003132988889
40.79878708555557
40.81456119444446
40.81303498111112
40.81150876777779
40.80998255444446
40.808456341111125
40.80693012777779
40.805403914444454
40.80387770111112
40.80235148777779
40.79777284777779
40.81659938333335
40.81507317000001
40.81354695666668
40.81202074333335
40.810494530000014
40.80896831666668
40.807442103333344
40.80591589000001
40.80438967666668
40.81863757222224
40.8171113588889
40.815585145555566
40.81405893222224
40.8125327188889
40.81100650555557
40.80948029222223
40.8079540788889
40.820675761111126
40.81914954777779
40.817623334444455
40.81609712111113
40.81457090777779
40.81304469444446
40.81151848111112
40.822713950000015
40.82118773666668
40.819661523333345
40.81813531000002
40.81660909666668
40.815082883333346
40.81355667000001
40.824752138888904
40.82322592555557
40.821699712222234
40.820173498888906
40.81864728555557
40.817121072222236
40.82679032777779
40.82526411444446
40.82373790111112
40.822211687777795
40.82068547444446
40.819159261111125
40.82882851666668
40.82730230333335
40.82577609000001
40.824249876666684
40.82272366333335
40.83086670555557
40.82934049222224
40.8278142788889
40.82628806555557
40.82476185222224
40.83290489444446
40.831378681111126
40.82985246777779
40.82832625444446
40.82680004111113
40.83494308333335
40.833416870000015
40.83189065666668
40.83036444333335
40.83698127222224
40.835455058888904
40.83392884555557
40.83240263222224
40.83901946111113
40.83749324777779
40.83596703444446
40.842583863333346
40.84105765000002
40.83953143666668
40.83800522333335
40.844622052222235
40.84309583888891
40.84156962555557
40.846660241111124
40.845134027777796
40.84360781444446
40.84869843000001
40.847172216666685
40.84564600333335
40.85226283222222
40.8507366188889
40.849210405555574
40.84768419222224
40.85277480777779
40.85124859444446
40.84972238111113
40.85481299666668
40.85328678333335
40.85176057000002
40.85685118555557
40.85532497222224
40.85379875888891
40.85888937444446
40.85736316111113
40.855836947777796
40.86092756333335
40.85940135000002
40.86449196555556
40.86296575222224
40.86143953888891
40.859913325555574
40.86500394111113
40.8634777277778
40.86195151444446
40.86042530111113
40.867042130000016
40.86551591666669
40.86398970333335
40.86246349000002
40.869080318888905
40.86755410555558
40.86602789222224
40.869592294444466
40.86806608111113
40.871630483333355
40.87010427000002
40.868578056666685
40.873668672222244
40.87214245888891
40.870616245555574
40.8741806477778