74.01548313456789
74.01185350123455
74.0176286037037
74.01399897037035
74.01036933703702
74.0197740728395
74.01614443950616
74.01251480617282
74.00888517283948
74.01828990864196
74.01466027530863
74.01103064197528
74.00740100864195
74.00377137530862
74.01680574444443
74.0131761111111
74.00954647777775
74.00591684444441
74.00228721111108
74.01532158024689
74.01169194691356
74.00806231358021
74.00443268024688
74.00080304691355
74.01746704938269
74.01383741604936
74.01020778271602
74.00657814938268
74.00294851604934
73.99931888271601
73.99568924938268
74.01235325185182
74.00872361851849
74.00509398518514
74.00146435185181
73.99783471851848
73.99420508518514
74.01086908765429
74.00723945432095
74.0036098209876
73.99998018765427
73.99635055432094
73.99272092098761
74.01301455679008
74.00938492345675
74.00575529012342
74.00212565679007
73.99849602345674
73.9948663901234
73.99123675679007
74.01153039259255
74.00790075925921
74.00427112592588
74.00064149259254
73.9970118592592
73.99338222592587
73.98975259259254
73.9861229592592
73.98249332592587
73.97886369259254
74.01004622839501
74.00641659506168
74.00278696172835
73.999157328395
73.99552769506167
73.99189806172834
73.988268428395
73.98463879506167
73.98100916172834
73.977379528395
74.00856206419748
74.00493243086414
74.00130279753081
73.99767316419747
73.99404353086413
73.9904138975308
73.98678426419747
73.98315463086414
73.9795249975308
73.97589536419747
74.01070753333327
74.00707789999994
74.00344826666661
73.99981863333328
73.99618899999993
73.9925593666666
73.98892973333326
73.98530009999993
73.9816704666666
73.97804083333327
73.97441119999993
74.00922336913574
74.0055937358024
74.00196410246907
73.99833446913574
73.9947048358024
73.99107520246906
73.98744556913573
73.9838159358024
73.98018630246906
73.97655666913573
74.01136883827154
74.0077392049382
74.00410957160487
74.00047993827154
73.9968503049382
73.99322067160486
73.98959103827153
73.9859614049382
73.98233177160486
73.97870213827153
73.9750725049382
74.009884674074
74.00625504074067
74.00262540740734
73.998995774074
73.99536614074067
73.99173650740732
73.98810687407399
73.98447724074066
73.98084760740733
73.977217974074
73.97358834074066
74.00840050987647
74.00477087654313
74.0011412432098
73.99751160987647
73.99388197654314
73.99025234320979
73.98662270987646
73.98299307654312
73.97936344320979
73.97573380987646
73.97210417654313
74.00691634567893
74.0032867123456
73.99965707901227
73.99602744567893
73.9923978123456
73.98876817901225
73.98513854567892
73.98150891234559
73.97787927901226
73.97424964567892
74.00906181481473
74.0054321814814
74.00180254814806
73.99817291481473
73.9945432814814
73.99091364814807
73.98728401481472
73.98365438148139
73.98002474814805
73.97639511481472
73.97276548148139
74.0075776506172
74.00394801728386
74.00031838395053
73.9966887506172
73.99305911728386
73.98942948395053
73.98579985061718
73.98217021728385
73.97854058395052
73.97491095061719
74.00609348641966
74.00246385308633
73.998834219753
73.99520458641966
73.99157495308633
73.987945319753
73.98431568641965
73.98068605308632
73.97705641975298
73.97342678641965
74.00460932222212
74.00097968888879
73.99735005555546
73.99372042222213
73.99009078888879
73.98646115555546
73.98283152222211
73.97920188888878
73.97557225555545
73.97194262222212
74.00312515802459
73.99949552469126
73.99586589135792
73.99223625802459
73.98860662469126
73.98497699135793
73.98134735802458
73.97771772469125
73.97408809135791
73.97045845802458
74.00164099382705
73.99801136049372
73.99438172716039
73.99075209382706
73.98712246049372
73.98349282716039
73.97986319382704
73.97623356049371
73.97260392716038
74.00015682962952
73.99652719629619
73.99289756296285
73.98926792962952
73.98563829629619
73.98200866296285
73.97837902962951
73.97474939629618
73.97111976296284
73.96749012962951
73.99867266543198
73.99504303209865
73.99141339876532
73.98778376543198
73.98415413209865
73.98052449876532
73.97689486543197
73.97326523209864
73.96963559876531
73.99718850123445
73.99355886790111
73.98992923456778
73.98629960123445
73.98266996790112
73.97904033456778
73.97541070123444
73.9717810679011
73.96815143456777
73.96452180123444
73.99570433703691
73.99207470370358
73.98844507037025
73.98481543703691
73.98118580370358
73.97755617037025
73.9739265370369
73.97029690370357
73.96666727037024
73.9630376370369
73.95940800370357
73.99422017283938
73.99059053950604
73.98696090617271
73.98333127283938
73.97970163950605
73.97607200617271
73.97244237283937
73.96881273950603
73.9651831061727
73.96155347283937
73.99273600864184
73.98910637530851
73.98547674197518
73.98184710864184
73.97821747530851
73.97458784197518
73.97095820864183
73.9673285753085
73.96369894197517
73.96006930864183
73.9564396753085
73.9912518444443
73.98762221111097
73.98399257777764
73.98036294444431
73.97310367777764
73.9694740444443
73.96584441111096
73.96221477777763
73.9585851444443
73.95495551111097
73.95132587777763
73.98976768024677
73.98613804691344
73.9825084135801
73.97887878024677
73.97524914691344
73.97161951358011
73.96798988024676
73.96436024691343
73.9607306135801
73.95710098024676
73.95347134691343
73.9498417135801
73.98828351604924
73.9846538827159
73.98102424938257
73.97739461604924
73.97013534938257
73.96650571604923
73.9628760827159
73.95924644938256
73.95561681604923
73.9519871827159
73.94835754938256
73.9867993518517
73.98316971851837
73.97954008518504
73.9759104518517
73.96865118518504
73.96502155185169
73.96139191851836
73.95776228518503
73.9541326518517
73.95050301851836
73.98531518765417
73.98168555432083
73.9780559209875
73.97442628765417
73.9671670209875
73.96353738765416
73.95990775432082
73.95627812098749
73.95264848765416
73.94901885432083
73.9453892209875
73.98383102345663
73.9802013901233
73.97657175678997
73.97294212345663
73.96568285678997
73.96205322345662
73.95842359012329
73.95479395678996
73.95116432345662
73.94753469012329
73.94390505678996
73.9823468592591
73.97871722592576
73.97508759259243
73.9714579592591
73.96782832592577
73.96419869259243
73.96056905925909
73.95693942592575
73.95330979259242
73.94968015925909
73.94605052592576
73.94242089259242
73.98086269506156
73.97723306172823
73.9736034283949
73.96997379506156
73.9627145283949
73.95908489506155
73.95545526172822
73.95182562839489
73.94819599506155
73.94456636172822
73.94093672839489
73.97937853086403
73.97574889753069
73.97211926419736
73.96848963086403
73.96123036419736
73.95760073086402
73.95397109753068
73.95034146419735
73.94671183086402
73.94308219753069
73.97789436666649
73.97426473333316
73.97063509999983
73.96700546666649
73.95974619999983
73.95611656666648
73.95248693333315
73.94885729999982
73.94522766666648
73.94159803333315
73.97641020246895
73.97278056913562
73.96915093580229
73.96552130246896
73.95826203580229
73.95463240246895
73.95100276913561
73.94737313580228
73.94374350246895
73.97492603827142
73.97129640493809
73.96766677160475
73.96403713827142
73.95677787160476
73.95314823827141
73.94951860493808
73.94588897160475
73.97344187407388
73.96981224074055
73.96618260740722
73.96255297407389
73.95529370740722
73.95166407407388
73.94803444074054
73.94440480740721
73.94077517407388
73.97195770987635
73.96832807654302
73.96469844320968
73.96106880987635
73.95380954320969
73.95017990987634
73.94655027654301
73.94292064320967
73.93929100987634
73.97047354567881
73.96684391234548
73.96321427901215
73.95958464567882
73.95232537901215
73.9486957456788
73.94506611234547
73.94143647901214
73.93780684567881
73.96898938148128
73.96535974814795
73.96173011481461
73.95810048148128
73.95447084814795
73.95084121481462
73.94721158148127
73.94358194814794
73.9399523148146
73.93632268148127
73.96750521728374
73.96387558395041
73.96024595061708
73.95661631728375
73.95298668395041
73.94935705061708
73.94572741728373
73.9420977839504
73.93846815061707
73.96602105308621
73.96239141975288
73.95876178641954
73.95513215308621
73.95150251975288
73.94787288641955
73.9442432530862
73.94061361975287
73.93698398641953
73.9333543530862
73.96453688888867
73.96090725555534
73.95727762222201
73.95364798888868
73.95001835555534
73.94638872222201
73.94275908888866
73.93912945555533
73.935499822222
73.93187018888867
73.96305272469114
73.9594230913578
73.95579345802447
73.95216382469114
73.94853419135781
73.94127492469113
73.9376452913578
73.93401565802446
73.93038602469113
73.9615685604936
73.95793892716027
73.95430929382694
73.9506796604936
73.94705002716027
73.94342039382694
73.9397907604936
73.93616112716026
73.93253149382693
73.92164259382693
73.96008439629607
73.95645476296274
73.9528251296294
73.94919549629607
73.94556586296274
73.9419362296294
73.93830659629606
73.93467696296273
73.9310473296294
73.95860023209853
73.9549705987652
73.95134096543187
73.94771133209854
73.9440816987652
73.94045206543187
73.93682243209852
73.93319279876519
73.957116067901
73.95348643456767
73.94985680123433
73.946227167901
73.94259753456767
73.93896790123434
73.93533826790099
73.95563190370346
73.95200227037013
73.9483726370368
73.94474300370346
73.94111337037013
73.9374837370368
73.93385410370345
73.95414773950593
73.9505181061726
73.94688847283926
73.94325883950593
73.9396292061726
73.93599957283926
73.95266357530839
73.94903394197506
73.94540430864173
73.9417746753084
73.93814504197506
73.93451540864173
73.95117941111086
73.94754977777752
73.94392014444419
73.94029051111086
73.93666087777753
73.94969524691332
73.94606561357999
73.94243598024666
73.93880634691332
73.93517671357999
73.94821108271579
73.94458144938245
73.94095181604912
73.93732218271579
73.93369254938246
73.94672691851825
73.94309728518492
73.93946765185159
73.93583801851825
73.94524275432072
73.94161312098738
73.93798348765405
73.93435385432072
73.94375859012318
73.94012895678985
73.93649932345652
73.94590405925898
73.94227442592565
73.93864479259231
73.93501515925898
73.94441989506144
73.94079026172811
73.93716062839478
73.94293573086391
73.93930609753058
73.93567646419724
73.94145156666637
73.93782193333304
73.93419229999971
73.94359703580231
73.93996740246884
73.9363377691355
73.93270813580217
73.9384832382713
73.93485360493797
73.93122397160464
73.93699907407377
73.93336944074044
73.9297398074071
73.93551490987623
73.9318852765429
73.92825564320957
73.9340307456787
73.93040111234536
73.92677147901203
73.93254658148116
73.92891694814783
73.93469205061713
73.93106241728363
73.9274327839503
73.92380315061696
73.92957825308609
73.92594861975276
73.92231898641943
73.9186893530861
73.92809408888856
73.92446445555522
73.92083482222189
73.91720518888856
73.92660992469102
73.92298029135769
73.91935065802436
73.92149612716015
73.91786649382682
73.92001196296262
73.91638232962929
73.91275269629595
73.91852779876508
73.91489816543175
73.91126853209842
73.9134140012342