40.577401517334096
40.57796707385583
40.57853263037757
40.579098186899316
40.57966374342105
40.580229299942786
40.580794856464536
40.58136041298627
40.581925969508006
40.58249152602975
40.58305708255149
40.583622639073226
40.58418819559496
40.57953385818078
40.58009941470252
40.58066497122425
40.581230527745994
40.58179608426774
40.58236164078947
40.58292719731121
40.58349275383296
40.58405831035469
40.58462386687643
40.58518942339817
40.58575497991991
40.5822317555492
40.58336286859267
40.58449398163616
40.58505953815789
40.58562509467963
40.58619065120138
40.58675620772311
40.58732176424485
40.58788732076659
40.58845287728833
40.58901843381007
40.5895839903318
40.590149546853546
40.58492965291762
40.58719187900458
40.58832299204805
40.5888885485698
40.589454105091534
40.59001966161327
40.59058521813501
40.591150774656754
40.59171633117849
40.592281887700224
40.59284744422197
40.59102088941647
40.59158644593822
40.592152002459954
40.59271755898169
40.59328311550343
40.593848672025175
40.59441422854691
40.594979785068645
40.59202211721968
40.59258767374142
40.59371878678489
40.59428434330664
40.594849899828375
40.59541545635011
40.59598101287185
40.596546569393595
40.59711212591533
40.597677682437066
40.59824323895881
40.594154458066356
40.59528557110984
40.595851127631576
40.59698224067506
40.597547797196796
40.59811335371853
40.598678910240274
40.599244466762016
40.59981002328375
40.60037557980549
40.60094113632723
40.60759792934782
40.61721239021739
40.59685235543478
40.59798346847826
40.598549025
40.59911458152173
40.59968013804348
40.60024569456522
40.60081125108695
40.601376807608695
40.60194236413044
40.60250792065217
40.60307347717391
40.60363903369565
40.60420459021739
40.59898469628146
40.5995502528032
40.60011580932494
40.60068136584668
40.60124692236842
40.60181247889015
40.6023780354119
40.60294359193364
40.60350914845537
40.604074704977116
40.60464026149886
40.60520581802059
40.60577137454233
40.60633693106407
40.60168259364988
40.60224815017162
40.60281370669336
40.6033792632151
40.60394481973684
40.604510376258574
40.60507593278032
40.60564148930206
40.606207045823794
40.606772602345536
40.60733815886728
40.607903715389014
40.60846927191075
40.60324937797483
40.60381493449657
40.604380491018304
40.60494604754004
40.60551160406178
40.606077160583524
40.60664271710526
40.607208273626995
40.607773830148744
40.60833938667048
40.608904943192215
40.60947049971396
40.6100360562357
40.610601612757435
40.61116716927917
40.61782396229977
40.60594727534325
40.60651283186499
40.607078388386725
40.60764394490846
40.6082095014302
40.608775057951945
40.60934061447368
40.609906170995416
40.610471727517165
40.6110372840389
40.611602840560636
40.61216839708238
40.61273395360412
40.613299510125856
40.61386506664759
40.608079616189926
40.60864517271167
40.60921072923341
40.609776285755146
40.61034184227688
40.61090739879862
40.611472955320366
40.6120385118421
40.61260406836384
40.613169624885586
40.61373518140732
40.61430073792906
40.6148662944508
40.61543185097254
40.61599740749428
40.61656296401601
40.617128520537754
40.641883122254
40.61077751355835
40.61134307008009
40.61190862660183
40.61247418312357
40.6130397396453
40.613605296167044
40.61417085268879
40.61473640921052
40.61530196573226
40.61586752225401
40.61643307877574
40.61699863529748
40.61756419181922
40.61812974834096
40.6186953048627
40.61926086138443
40.61290985440503
40.61404096744851
40.61460652397025
40.61517208049199
40.61573763701372
40.616303193535465
40.61686875005721
40.61743430657894
40.61799986310068
40.61856541962243
40.61913097614416
40.6196965326659
40.62026208918764
40.62082764570938
40.62139320223112
40.621958758752854
40.623655428318074
40.62422098483981
40.62478654136155
40.614476638729975
40.61560775177345
40.61673886481693
40.61730442133867
40.61786997786041
40.618435534382144
40.619001090903886
40.61956664742563
40.620132203947364
40.6206977604691
40.62126331699085
40.621828873512584
40.62239443003432
40.62295998655606
40.623525543077804
40.62409109959954
40.624656656121275
40.626353325686495
40.62691888220823
40.62748443872997
40.633575675228826
40.63414123175057
40.617174536098396
40.61774009262014
40.618305649141874
40.61943676218535
40.620002318707094
40.62056787522883
40.621133431750565
40.62169898827231
40.62226454479405
40.622830101315785
40.62339565783752
40.624526770881005
40.62509232740274
40.62565788392448
40.626223440446225
40.62678899696796
40.627354553489695
40.63018233609839
40.630747892620136
40.619306876945075
40.63627357259725
40.63683912911899
40.61987243346682
40.62043798998856
40.621003546510295
40.622700216075515
40.62326577259725
40.623831329118985
40.62439688564073
40.62496244216247
40.625527998684205
40.62609355520594
40.62665911172769
40.627224668249426
40.62779022477116
40.6283557812929
40.628921337814646
40.62948689433638
40.630052450858116
40.63231467694507
40.632880233466814
40.633445789988556
40.6220047743135
40.63840591344393
40.63897146996567
40.63953702648741
40.62257033083524
40.62313588735698
40.623701443878716
40.62596366996567
40.626529226487406
40.62709478300915
40.62766033953089
40.628225896052626
40.62879145257436
40.62935700909611
40.629922565617846
40.63048812213958
40.631053678661324
40.63161923518307
40.6321847917048
40.63275034822654
40.63331590474828
40.63501257431349
40.635578130835235
40.62470267168192
40.63940714124713
40.64053825429062
40.64110381081235
40.64166936733409
40.64223492385583
40.64280048037757
40.62526822820366
40.6258337847254
40.62639934124714
40.62696489776887
40.62866156733409
40.62922712385583
40.62979268037757
40.63035823689931
40.63092379342105
40.63148934994278
40.63205490646453
40.63262046298627
40.633186019508
40.633751576029745
40.63431713255149
40.63488268907322
40.63544824559496
40.6360138021167
40.638276028203656
40.6388415847254
40.627400569050344
40.642105038615554
40.64267059513729
40.643801708180774
40.64436726470251
40.64493282122425
40.645498377745994
40.62796612557208
40.62853168209382
40.62909723861556
40.62966279513729
40.63192502122425
40.63249057774599
40.63305613426773
40.63362169078947
40.6341872473112
40.63475280383295
40.63531836035469
40.63588391687642
40.636449473398166
40.63701502991991
40.63758058644164
40.63814614296338
40.63871169948512
40.6398428125286
40.640408369050334
40.64153948209382
40.630098466418765
40.644802935983975
40.64536849250571
40.646499605549195
40.64706516207093
40.6306640229405
40.63122957946224
40.63179513598398
40.63236069250571
40.632926249027456
40.63462291859267
40.63518847511441
40.635754031636154
40.63631958815789
40.636885144679624
40.637450701201374
40.63801625772311
40.638581814244844
40.63914737076659
40.63971292728833
40.640278483810064
40.6408440403318
40.64140959685354
40.641975153375284
40.64254070989702
40.64423737946224
40.632796363787186
40.650894172482836
40.63336192030892
40.633927476830664
40.6344930333524
40.635058589874134
40.63562414639588
40.63618970291762
40.636755259439354
40.63732081596109
40.63788637248283
40.638451929004574
40.63901748552631
40.639583042048045
40.640148598569795
40.64071415509153
40.641279711613265
40.64184526813501
40.64241082465675
40.642976381178485
40.64354193770022
40.64410749422196
40.644673050743705
40.64523860726544
40.65019873072082
40.65076428724255
40.65189540028604
40.63605981767734
40.636625374199085
40.63719093072082
40.637756487242555
40.6383220437643
40.63888760028604
40.639453156807775
40.64001871332951
40.64058426985125
40.641149826372995
40.64171538289473
40.642280939416466
40.642846495938215
40.64341205245995
40.643977608981686
40.64454316550343
40.64510872202517
40.645674278546906
40.64623983506864
40.646805391590384
40.65402774113272
40.65459329765446
40.65515885417619
40.65628996721968
40.65685552374141
40.65742108026315
40.65798663678489
40.65855219330663
40.63875771504576
40.66873221069793
40.639323271567505
40.63988882808924
40.640454384610976
40.64101994113272
40.64158549765446
40.642151054176196
40.64271661069793
40.643282167219674
40.643847723741416
40.64441328026315
40.64497883678489
40.645544393306636
40.64610994982837
40.64667550635011
40.64724106287185
40.64780661939359
40.64837217591533
40.64893773243706
40.649503288958805
40.65559452545766
40.656160081979394
40.65672563850114
40.65729119502288
40.657856751544614
40.658422308066356
40.6589878645881
40.659553421109834
40.66011897763157
40.66068453415331
40.661250090675054
40.641455612414184
40.642021168935926
40.64258672545766
40.6431522819794
40.64371783850114
40.64428339502288
40.64484895154462
40.64541450806635
40.645980064588095
40.64654562110984
40.64711117763157
40.64767673415331
40.64824229067506
40.64880784719679
40.64937340371853
40.64993896024027
40.65050451676201
40.65107007328375
40.65163562980548
40.652201186327225
40.65276674284897
40.6533322993707
40.65389785589244
40.65446341241418
40.65502896893592
40.65829242282608
40.658857979347815
40.659423535869564
40.6599890923913
40.660554648913035
40.66112020543478
40.66168576195652
40.662251318478255
40.66281687499999
40.66338243152173
40.663947988043475
40.66451354456521
40.67186577934782
40.67921801413043
40.64585017934782
40.64641573586956
40.6469812923913
40.64754684891304
40.64811240543477
40.648677961956516
40.64924351847826
40.65094018804348
40.65150574456521
40.65207130108695
40.65263685760869
40.65320241413043
40.65376797065217
40.654333527173904
40.654899083695646
40.65546464021739
40.656030196739124
40.65659575326086
40.6571613097826
40.657726866304344
40.6609903201945
40.661555876716236
40.662121433237985
40.66268698975972
40.663252546281456
40.6638181028032
40.66438365932494
40.664949215846676
40.66551477236841
40.66608032889015
40.66721144193363
40.66890811149885
40.669473668020586
40.68078479845537
40.68135035497711
40.68191591149885
40.64854807671624
40.64911363323798
40.64967918975972
40.65024474628146
40.650810302803194
40.651375859324936
40.6536380854119
40.654203641933634
40.65533475497711
40.655900311498854
40.65646586802059
40.657031424542325
40.65759698106407
40.65816253758581
40.658728094107545
40.65929365062928
40.65985920715102
40.660424763672765
40.66368821756292
40.664253774084656
40.664819330606406
40.66538488712814
40.665950443649876
40.66651600017162
40.66708155669336
40.66821266973683
40.668778226258574
40.66934378278032
40.66990933930205
40.67104045234553
40.67160600886727
40.67217156538901
40.68178602625858
40.68291713930205
40.68348269582379
40.684048252345534
40.6518115306064
40.652377087128144
40.65294264364988
40.653508200171615
40.65633598278032
40.656901539302055
40.65803265234553
40.658598208867275
40.65916376538901
40.659729321910746
40.66029487843249
40.66086043495423
40.661425991475966
40.6619915479977
40.66255710451944
40.663122661041186
40.66638611493134
40.66695167145308
40.66751722797483
40.66808278449656
40.6686483410183
40.66921389754004
40.66977945406178
40.67034501058352
40.67091056710525
40.671476123626995
40.67204168014874
40.67260723667047
40.67373834971395
40.67430390623569
40.68391836710526
40.684483923627
40.685049480148734
40.68561503667047
40.65450942797482
40.655074984496565
40.6556405410183
40.656206097540036
40.65903388014874
40.659599436670476
40.661296106235696
40.66186166275743
40.66242721927917
40.66299277580091
40.66355833232265
40.66412388884439
40.66468944536612
40.665255001887864
40.66582055840961
40.66908401229976
40.6696495688215
40.67021512534325
40.67078068186498
40.67134623838672
40.67191179490846
40.6724773514302
40.67304290795194
40.67360846447367
40.674174020995416
40.67473957751716
40.675305134038894
40.68039514273455
40.68661626447368
40.657772881864986
40.65833843838672
40.65890399490846
40.6594695514302
40.66003510795194
40.66060066447368
40.66116622099541
40.66173177751716
40.6622973340389
40.66399400360412
40.66455956012585
40.66512511664759
40.66569067316933
40.66625622969107
40.66682178621281
40.66738734273454
40.667952899256285
40.66851845577803
40.671781909668184
40.67234746618992
40.67291302271167
40.673478579233404
40.67404413575514
40.67460969227688
40.67574080532036
40.676306361842094
40.67687191836384
40.67743747488558
40.688748605320356
40.6893141618421
40.68987971836384
40.66160189227688
40.66216744879862
40.66273300532036
40.6632985618421
40.66386411836383
40.66442967488558
40.66499523140732
40.66669190097254
40.66725745749427
40.66782301401601
40.66838857053775
40.66895412705949
40.66951968358123
40.670085240102964
40.670650796624706
40.67121635314645
40.674479807036604
40.67504536355834
40.67561092008009
40.676176476601825
40.67674203312356
40.6773075896453
40.677873146167045
40.67843870268878
40.679004259210515
40.67956981573226
40.680135372254
40.680700928775735
40.68126648529747
40.682397598340955
40.68296315486269
40.68352871138443
40.684094267906175
40.68579093747139
40.68635649399313
40.68974983312356
40.69088094616704
40.69144650268878
40.66486534616704
40.66543090268878
40.66599645921052
40.666562015732254
40.667127572254
40.66769312877574
40.668258685297474
40.66938979834096
40.669955354862694
40.67052091138443
40.67108646790617
40.671652024427914
40.67221758094965
40.672783137471384
40.67334869399313
40.67391425051487
40.677177704405025
40.67774326092676
40.67830881744851
40.678874373970245
40.67943993049198
40.68000548701372
40.680571043535465
40.6811366000572
40.681702156578936
40.68226771310068
40.683398826144156
40.68396438266589
40.684529939187634
40.685095495709376
40.68566105223111
40.686226608752854
40.686792165274596
40.68735772179633
40.68905439136155
40.69301328701372
40.69357884353546
40.668128800057204
40.66869435657894
40.669259913100674
40.669825469622424
40.67039102614416
40.670956582665895
40.67208769570938
40.672653252231115
40.67321880875285
40.67378436527459
40.674349921796335
40.67491547831807
40.675481034839805
40.67604659136155
40.67661214788329
40.679875601773446
40.68044115829518
40.68100671481693
40.681572271338666
40.682703384382144
40.683268940903886
40.68383449742562
40.68440005394736
40.6849656104691
40.68553116699084
40.68609672351258
40.68666228003431
40.687227836556055
40.6877933930778
40.68835894959953
40.688924506121275
40.68949006264302
40.69005561916475
40.69062117568649
40.69118673220823
40.69175228872997
40.69571118438214
40.69627674090388
40.699104523512574
40.699670080034316
40.70023563655606
40.669130027860405
40.670826697425625
40.67139225394736
40.671957810469095
40.672523366990845
40.67308892351258
40.673654480034315
40.67422003655606
40.6747855930778
40.675351149599535
40.67591670612127
40.67648226264301
40.677047819164756
40.67761337568649
40.678178932208226
40.67874448872997
40.67931004525171
40.68257349914187
40.6831390556636
40.68370461218535
40.68427016870709
40.685401281750565
40.68596683827231
40.68653239479404
40.68709795131578
40.68766350783752
40.68822906435926
40.688794620881
40.68936017740273
40.689925733924476
40.69049129044622
40.69105684696795
40.691622403489696
40.69218796001144
40.69275351653317
40.69331907305491
40.69388462957665
40.69445018609839
40.69501574262013
40.695581299141864
40.70236797740274
40.70293353392448
40.6729590382723
40.673524594794046
40.67409015131578
40.674655707837516
40.675221264359266
40.675786820881
40.676352377402736
40.67691793392448
40.67748349044622
40.678049046967956
40.67861460348969
40.679180160011434
40.679745716533176
40.68031127305491
40.68087682957665
40.68144238609839
40.68200794262013
40.68527139651029
40.68583695303202
40.68640250955377
40.68696806607551
40.69036140520594
40.69092696172768
40.69149251824942
40.692058074771154
40.692623631292896
40.69318918781464
40.693754744336374
40.69432030085812
40.69488585737986
40.695451413901594
40.69601697042333
40.69658252694507
40.697148083466814
40.69771363998855
40.698279196510285
40.69884475303203
40.70506587477116
40.67509137911898
40.675656935640724
40.676222492162466
40.6767880486842
40.67735360520594
40.67791916172769
40.67848471824942
40.67905027477116
40.6796158312929
40.68018138781464
40.68074694433638
40.68131250085811
40.681878057379855
40.6824436139016
40.68300917042333
40.68357472694507
40.68414028346681
40.68470583998855
40.68796929387871
40.688534850400444
40.68910040692219
40.68966596344393
40.69136263300915
40.69419041561784
40.694755972139575
40.69532152866132
40.69588708518306
40.696452641704795
40.69701819822654
40.69758375474828
40.698149311270015
40.69871486779175
40.69928042431349
40.699845980835235
40.70041153735697
40.700977093878706
40.70154265040045
40.70210820692219
40.702673763443926
40.70323931996566
40.70493598953088
40.70776377213958
40.6777892764874
40.678354833009145
40.67892038953089
40.67948594605262
40.68005150257436
40.68061705909611
40.68118261561784
40.68174817213958
40.68231372866132
40.68287928518306
40.6834448417048
40.68401039822653
40.684575954748276
40.68514151127002
40.68570706779175
40.68627262431349
40.68683818083523
40.68740373735697
40.69066719124713
40.691232747768865
40.691798304290614
40.69236386081235
40.692929417334085
40.69688831298626
40.697453869507996
40.69801942602974
40.69858498255148
40.699150539073216
40.69971609559496
40.7002816521167
40.700847208638436
40.70141276516017
40.70197832168191
40.702543878203656
40.70310943472539
40.70367499124713
40.70424054776887
40.70480610429061
40.70537166081235
40.70593721733408
40.70933055646452
40.70989611298626
40.710461669508
40.681052730377566
40.68161828689931
40.68218384342104
40.68274939994278
40.68331495646453
40.68388051298626
40.684446069508
40.68501162602974
40.685577182551484
40.68614273907322
40.686708295594954
40.6872738521167
40.68783940863844
40.688404965160174
40.68897052168191
40.68953607820365
40.690101634725394
40.69336508861555
40.693930645137286
40.694496201659035
40.69506175818077
40.695627314702506
40.69619287122425
40.69675842774599
40.697323984267726
40.70071732339816
40.7012828799199
40.70184843644164
40.70241399296338
40.70297954948512
40.70354510600686
40.70411066252859
40.704676219050334
40.70524177557208
40.70580733209381
40.70637288861555
40.70693844513729
40.70750400165903
40.70806955818077
40.7086351147025
40.709200671224245
40.71033178426772
40.71146289731121
40.71202845383294
40.71259401035468
40.68261951470251
40.68375062774599
40.68431618426773
40.684881740789464
40.6854472973112
40.68601285383295
40.686578410354684
40.68714396687642
40.68770952339816
40.688275079919904
40.68884063644164
40.689406192963375
40.68997174948512
40.69053730600686
40.691102862528595
40.69166841905033
40.69223397557207
40.692799532093815
40.69606298598397
40.69662854250571
40.697194099027456
40.69775965554919
40.69832521207093
40.69889076859267
40.69945632511441
40.70002188163615
40.70398077728832
40.70567744685354
40.70624300337528
40.70680855989701
40.707374116418755
40.7079396729405
40.70850522946223
40.70907078598397
40.70963634250571
40.71020189902745
40.71076745554919
40.711333012070924
40.711898568592666
40.71246412511441
40.713029681636144
40.713595238157886
40.71416079467963
40.714726351201364
40.7152919077231
40.71585746424484
40.716423020766584
40.71698857728832
40.68644852511441
40.68701408163615
40.687579638157885
40.68814519467962
40.68871075120137
40.689276307723105
40.68984186424484
40.69040742076658
40.690972977288325
40.69153853381006
40.692104090331796
40.69266964685354
40.69323520337528
40.693800759897016
40.69436631641875
40.694931872940494
40.695497429462236
40.69876088335239
40.69932643987413
40.69989199639588
40.70045755291761
40.70102310943935
40.70158866596109
40.70215422248283
40.70271977900457
40.7032853355263
40.703850892048045
40.70441644856979
40.70498200509152
40.70554756161326
40.706113118135
40.70667867465674
40.7089409007437
40.709506457265434
40.710072013787176
40.71063757030892
40.711203126830654
40.71176868335239
40.71233423987413
40.712899796395874
40.71346535291761
40.714030909439344
40.71459646596109
40.71516202248283
40.715727579004565
40.71629313552631
40.71685869204805
40.717424248569785
40.71798980509152
40.71855536161326
40.719120918135005
40.71968647465674
40.720252031178475
40.72081758770022
40.68971197900457
40.690277535526306
40.69084309204804
40.69140864856979
40.691974205091526
40.69253976161326
40.693105318135004
40.693670874656746
40.69423643117848
40.69480198770022
40.69536754422196
40.6959331007437
40.69649865726544
40.69706421378717
40.697629770308914
40.69819532683066
40.70145878072081
40.70202433724255
40.7025898937643
40.70315545028603
40.70372100680777
40.70428656332951
40.70485211985125
40.70541767637299
40.705983232894724
40.706548789416466
40.70711434593821
40.707679902459944
40.70824545898168
40.70881101550342
40.709376572025164
40.71163879811212
40.712204354633855
40.7127699111556
40.71333546767734
40.713901024199075
40.71446658072081
40.71503213724255
40.715597693764295
40.71616325028603
40.716728806807765
40.71729436332951
40.71785991985125
40.718425476372985
40.71899103289473
40.720122145938205
40.72068770245994
40.72238437202516
40.722949928546896
40.72351548506864
40.69297543289473
40.69354098941646
40.69410654593821
40.69467210245995
40.69523765898168
40.695803215503425
40.69636877202517
40.6969343285469
40.69749988506864
40.69806544159038
40.69863099811212
40.69919655463386
40.69976211115559
40.700327667677335
40.70089322419908
40.704156678089234
40.70472223461097
40.70528779113272
40.705853347654454
40.70641890417619
40.70698446069793
40.707550017219674
40.70811557374141
40.708681130263145
40.70924668678489
40.70981224330663
40.710377799828365
40.7109433563501
40.71150891287184
40.712074469393585
40.71264002591532
40.71320558243706
40.71433669548054
40.714902252002275
40.71546780852402
40.71603336504576
40.716598921567495
40.71716447808923
40.71773003461097
40.718295591132716
40.71886114765445
40.719426704176186
40.71999226069793
40.72055781721967
40.721123373741406
40.72168893026315
40.72225448678489
40.722820043306626
40.72338559982836
40.723951156350104
40.724516712871846
40.72508226939358
40.72621338243706
40.69567333026315
40.69623888678488
40.69680444330663
40.69736999982837
40.6979355563501
40.698501112871845
40.69906666939359
40.69963222591532
40.70019778243706
40.7007633389588
40.70132889548054
40.70189445200228
40.702460008524014
40.703025565045756
40.7035911215675
40.706854575457655
40.70742013197939
40.70798568850114
40.708551245022875
40.70911680154461
40.70968235806635
40.710247914588095
40.71194458415331
40.71251014067505
40.713075697196786
40.71364125371852
40.71420681024026
40.714772366762006
40.71533792328374
40.71590347980548
40.716469036327226
40.71703459284896
40.717600149370696
40.71816570589244
40.71873126241418
40.719296818935916
40.71986237545765
40.720427931979394
40.720993488501136
40.72155904502287
40.72212460154461
40.72269015806635
40.72325571458809
40.72382127110983
40.72551794067505
40.72608349719678
40.726649053718525
40.72721461024027
40.69837122763157
40.698936784153304
40.69950234067505
40.70006789719679
40.700633453718524
40.702330123283744
40.70289567980548
40.70346123632722
40.704026792848964
40.7045923493707
40.705157905892435
40.70572346241418
40.70628901893592
40.709552472826076
40.71011802934781
40.71068358586956
40.711249142391296
40.71181469891303
40.71238025543477
40.712945811956516
40.71351136847825
40.71464248152173
40.71520803804347
40.71633915108694
40.71747026413043
40.71803582065216
40.718601377173904
40.71916693369565
40.71973249021738
40.72029804673912
40.72086360326086
40.7214291597826
40.72199471630434
40.72256027282607
40.723125829347815
40.72369138586956
40.72765028152173
40.72821583804347
40.7287813945652
40.729346951086946
40.72991250760869
40.701634681521725
40.702200238043474
40.70276579456521
40.703331351086945
40.705028020652165
40.7055935771739
40.70615913369564
40.706724690217385
40.70729024673912
40.707855803260856
40.7084213597826
40.70898691630434
40.712250370194496
40.71281592671623
40.71338148323798
40.71394703975972
40.71451259628145
40.715078152803194
40.71564370932494
40.719602604977105
40.72016816149885
40.72073371802058
40.721299274542325
40.72186483106407
40.7224303875858
40.72299594410754
40.72356150062928
40.72412705715102
40.72469261367276
40.72525817019449
40.725823726716236
40.72638928323798
40.72752039628145
40.73261040497711
40.733175961498844
40.704332578890146
40.704898135411895
40.70546369193363
40.706029248455366
40.70716036149885
40.707725918020586
40.70829147454232
40.70885703106406
40.709422587585806
40.70998814410754
40.710553700629276
40.71111925715102
40.71168481367276
40.71494826756292
40.71551382408465
40.7160793806064
40.71664493712814
40.71721049364987
40.717776050171615
40.71834160669336
40.72116938930205
40.72173494582378
40.722300502345526
40.72286605886727
40.723431615389
40.723997171910746
40.72456272843249
40.72512828495422
40.7262593979977
40.726824954519444
40.72739051104118
40.727956067562914
40.72852162408466
40.73021829364987
40.73078385017161
40.73530830234553
40.735873858867265
40.736439415389
40.70985825886727
40.71042381538901
40.71098937191074
40.711554928432484
40.71212048495423
40.71268604147596
40.7132515979977
40.71381715451944
40.71438271104118
40.71764616493134
40.71821172145307
40.71877727797482
40.71934283449656
40.71990839101829
40.720473947540036
40.72273617362699
40.723301730148734
40.72386728667047
40.724432843192204
40.72499839971395
40.72556395623569
40.726129512757424
40.72669506927917
40.72726062580091
40.727826182322644
40.72895729536612
40.729522851887864
40.7300884084096
40.730653964931335
40.73121952145308
40.73178507797482
40.73291619101829
40.73348174754003
40.74083398232264
40.71312171275743
40.71368726927916
40.714252825800905
40.71481838232265
40.71538393884438
40.71594949536612
40.71651505188786
40.721475175343244
40.72204073186498
40.722606288386714
40.72317184490846
40.72543407099541
40.725999627517155
40.72656518403889
40.727130740560625
40.72769629708237
40.72826185360411
40.728827410125845
40.72939296664759
40.72995852316933
40.7310896362128
40.73165519273454
40.732220749256285
40.73278630577802
40.733351862299756
40.7339174188215
40.73448297534324
40.736179644908454
40.736745201430196
40.73957298403889
40.74013854056063
40.71581961012585
40.716385166647584
40.716950723169326
40.71751627969107
40.718081836212804
40.71864739273454
40.71921294925628
40.724173072711665
40.7247386292334
40.725304185755135
40.72586974227688
40.72643529879862
40.727000855320355
40.728697524885575
40.72926308140731
40.729828637929046
40.73039419445079
40.73095975097253
40.731525307494266
40.73209086401601
40.73265642053775
40.734353090102964
40.734918646624706
40.73548420314644
40.73604975966818
40.73661531618992
40.73718087271166
40.738877542276875
40.73944309879862
40.74000865532035
40.740574211842095
40.74170532488557
40.74227088140731
40.74283643792905
40.74340199445079
40.719083064016004
40.71964862053775
40.72021417705949
40.720779733581224
40.72134529010296
40.7219108466247
40.72743652660182
40.728002083123556
40.7285676396453
40.72913319616704
40.729698752688776
40.73026430921051
40.73196097877573
40.73252653529747
40.73309209181921
40.73365764834095
40.73422320486269
40.73478876138443
40.73535431790617
40.73761654399313
40.73818210051486
40.7387476570366
40.73931321355834
40.73987877008008
40.74100988312355
40.741575439645295
40.74214099616704
40.74270655268877
40.743272109210515
40.74496877877573
40.74553433529747
40.74609989181921
40.748927674427904
40.721780961384425
40.72234651790617
40.72291207442791
40.723477630949645
40.72404318747138
40.72460874399312
40.72900331092676
40.73069998049198
40.73126553701372
40.73183109353546
40.7323966500572
40.73296220657893
40.733527763100675
40.73409331962242
40.73465887614415
40.73522443266589
40.73578998918763
40.73635554570937
40.73692110223111
40.73748665875285
40.739748884839805
40.74031444136155
40.74144555440502
40.74483889353546
40.745404450057194
40.745970006578936
40.74823223266589
40.748797789187634
40.72504441527459
40.72560997179633
40.726175528318066
40.7267410848398
40.727306641361544
40.727872197883286
40.73170120829518
40.73226676481693
40.73396343438214
40.73452899090388
40.73509454742562
40.73566010394735
40.736225660469096
40.73679121699084
40.73735677351257
40.73792233003431
40.73848788655605
40.73905344307779
40.73961899959953
40.74018455612127
40.74301233872997
40.743577895251704
40.74414345177344
40.75093013003431
40.751495686556055
40.75319235612127
40.72774231264301
40.72830786916475
40.72887342568649
40.72943898220822
40.73057009525171
40.73496466218535
40.73609577522882
40.73666133175056
40.7372268882723
40.73779244479404
40.738358001315774
40.738923557837516
40.73948911435926
40.740054670880994
40.74062022740273
40.74118578392447
40.741751340446214
40.74231689696795
40.74288245348969
40.744579123054905
40.74514467957665
40.74571023609839
40.746275792620125
40.752496914359256
40.75306247088099
40.75362802740273
40.754193583924476
40.755324696967946
40.75589025348969
40.73044021001143
40.73100576653317
40.73157132305491
40.732702436098386
40.73326799262013
40.736531446510284
40.73709700303202
40.73766255955377
40.738228116075504
40.739924785640724
40.74049034216246
40.741055898684195
40.74162145520594
40.74218701172768
40.742752568249415
40.74331812477115
40.74388368129289
40.744449237814635
40.74501479433637
40.74558035085811
40.746145907379855
40.747277020423326
40.74784257694507
40.74840813346681
40.748973689988546
40.75462925520594
40.75519481172768
40.75576036824941
40.756325924771154
40.7568914812929
40.75802259433637
40.75858815085811
40.75915370737985
40.75971926390159
40.76028482042332
40.73313810737985
40.73370366390159
40.73426922042333
40.735400333466806
40.73596588998855
40.739229343878705
40.73979490040044
40.74036045692219
40.740926013443925
40.7420571264874
40.742622683009145
40.74318823953088
40.743753796052616
40.74431935257436
40.7448849090961
40.745450465617836
40.74601602213957
40.74658157866131
40.747147135183056
40.74771269170479
40.74827824822653
40.75054047431349
40.75167158735697
40.7522371438787
40.7550649264874
40.75563048300914
40.7578927090961
40.75845826561783
40.76128604822653
40.76185160474827
40.76241716127001
40.76298271779174
40.73583600474827
40.736401561270014
40.73696711779175
40.73809823083523
40.73866378735697
40.741927241247126
40.74249279776886
40.74305835429061
40.743623910812346
40.74418946733408
40.744755023855824
40.745320580377566
40.7458861368993
40.74645169342104
40.74701724994278
40.74758280646452
40.74814836298626
40.74871391950799
40.749279476029734
40.74984503255148
40.75041058907321
40.75267281516017
40.75323837168191
40.75380392820365
40.75436948472539
40.755500597768865
40.75606615429061
40.75719726733408
40.75776282385582
40.75832838037756
40.7588939368993
40.75945949342104
40.76002504994278
40.76059060646452
40.76115616298625
40.76511505863843
40.73853390211669
40.739099458638435
40.73966501516017
40.740230571681906
40.74079612820365
40.74136168472539
40.74462513861555
40.74519069513728
40.74575625165903
40.74632180818077
40.7468873647025
40.747452921224244
40.74801847774599
40.74858403426772
40.74914959078946
40.7497151473112
40.75028070383294
40.75084626035468
40.75141181687641
40.751977373398155
40.7525429299199
40.75310848644163
40.753674042963375
40.75423959948512
40.75480515600685
40.75537071252859
40.75593626905033
40.75650182557207
40.75706738209381
40.757632938615544
40.758198495137286
40.75876405165903
40.759329608180764
40.7598951647025
40.76046072122424
40.761026277745984
40.76159183426772
40.76215739078946
40.762722947311204
40.76328850383294
40.763854060354674
40.741231799485114
40.741797356006856
40.74236291252859
40.74292846905033
40.74349402557207
40.74405958209381
40.74732303598397
40.7478885925057
40.74845414902745
40.74901970554919
40.74958526207092
40.750150818592665
40.75071637511441
40.75128193163614
40.75184748815788
40.75241304467962
40.75297860120136
40.7535441577231
40.754109714244834
40.754675270766576
40.75524082728832
40.755806383810054
40.756371940331796
40.75693749685354
40.757503053375274
40.75806860989701
40.75863416641875
40.759199722940494
40.75976527946223
40.760330835983964
40.76089639250571
40.76146194902745
40.762027505549185
40.76259306207092
40.76315861859266
40.763724175114405
40.76428973163614
40.765420844679625
40.76598640120136
40.743929696853534
40.74449525337528
40.74506080989701
40.74562636641875
40.74619192294049
40.74675747946223
40.75002093335239
40.750586489874124
40.75115204639587
40.75171760291761
40.752283159439344
40.752848715961086
40.75341427248283
40.753979829004564
40.7545453855263
40.75511094204804
40.755676498569784
40.75624205509152
40.756807611613254
40.757373168135
40.75793872465674
40.758504281178475
40.75906983770022
40.760200950743695
40.76133206378717
40.761897620308915
40.76246317683065
40.763028733352385
40.76359428987413
40.76415984639587
40.764725402917605
40.76529095943934
40.76585651596108
40.766422072482825
40.76698762900456
40.768118742048046
40.76868429856978
40.7471931507437
40.74775870726543
40.74832426378717
40.74888982030891
40.74945537683065
40.75271883072081
40.753284387242545
40.753849943764294
40.75441550028603
40.754981056807765
40.75554661332951
40.75611216985125
40.756677726372985
40.75724328289472
40.75780883941646
40.758374395938205
40.75893995245994
40.759505508981675
40.76007106550342
40.76063662202516
40.761202178546895
40.76233329159038
40.762898848112116
40.76346440463385
40.76402996115559
40.764595517677336
40.76516107419907
40.765726630720806
40.76629218724255
40.76685774376429
40.767423300286026
40.76798885680776
40.768554413329504
40.769119969851246
40.770251082894724
40.770816639416466
40.750456604633854
40.75102216115559
40.75158771767733
40.752153274199074
40.75541672808923
40.755982284610965
40.756547841132715
40.75711339765445
40.757678954176185
40.75824451069793
40.75881006721967
40.759375623741406
40.75994118026314
40.76050673678488
40.761072293306626
40.76163784982836
40.762203406350096
40.76276896287184
40.76333451939358
40.76616230200227
40.766727858524014
40.767293415045756
40.76785897156749
40.76842452808923
40.76899008461097
40.76955564113271
40.771252310697925
40.77181786721967
40.772948980263145
40.77351453678489
40.753154502002275
40.75372005852401
40.75428561504575
40.754851171567495
40.75811462545765
40.758680181979386
40.759245738501136
40.75981129502287
40.760376851544606
40.76094240806635
40.76150796458809
40.762073521109826
40.76263907763156
40.763204634153304
40.76377019067505
40.76433574719678
40.76490130371852
40.76546686024026
40.766032416762
40.769425755892435
40.76999131241418
40.77055686893591
40.77112242545765
40.77168798197939
40.77225353850113
40.773950208066346
40.77451576458809
40.75641795589243
40.75698351241417
40.757549068935916
40.76081252282607
40.76137807934781
40.76194363586956
40.76250919239129
40.76307474891303
40.76364030543477
40.76420586195651
40.76533697499998
40.765902531521725
40.76646808804347
40.7670336445652
40.76759920108694
40.76816475760868
40.76873031413042
40.77042698369564
40.77099254021738
40.77155809673911
40.772123653260856
40.7726892097826
40.77325476630433
40.77382032282607
40.77438587934781
40.77664810543477
40.77721366195651
40.77834477499999
40.759681409782594
40.76024696630434
40.76351042019449
40.76407597671623
40.76464153323798
40.76520708975971
40.76577264628145
40.76633820280319
40.76690375932493
40.76746931584667
40.7680348723684
40.768600428890146
40.76916598541189
40.76973154193362
40.77029709845536
40.7708626549771
40.775952663672754
40.77651822019449
40.77708377671623
40.77934600280319
40.77991155932493
40.78104267236841
40.78160822889015
40.762379307151015
40.76294486367276
40.76620831756291
40.76677387408465
40.7673394306064
40.767904987128134
40.76847054364987
40.76903610017161
40.769601656693354
40.77016721321509
40.770732769736824
40.77129832625857
40.77638833495422
40.778650561041175
40.77921611756291
40.781478343649866
40.78204390017161
40.78374056973683
40.78430612625857
40.784871682780306
40.76564276104118
40.768906214931334
40.76947177145307
40.77003732797482
40.770602884496554
40.77116844101829
40.77173399754003
40.772299554061775
40.77286511058351
40.773430667105245
40.77399622362699
40.781348458409596
40.78417624101829
40.78474179754003
40.78643846710525
40.78700402362699
40.78756958014873
40.771604112299755
40.77216966882149
40.77273522534324
40.773300781864975
40.77386633838671
40.77443189490845
40.774997451430195
40.77556300795193
40.776128564473666
40.78461191229975
40.78630858186497
40.78687413838671
40.78743969490845
40.78913636447367
40.78970192099541
40.774302009668176
40.77486756618991
40.77543312271166
40.775998679233396
40.77656423575513
40.777129792276874
40.777695348798616
40.77826090532035
40.77882646184209
40.78391647053775
40.78448202705948
40.7861786966247
40.7769999070366
40.77869657660182
40.77926213312355
40.779827689645295
40.78039324616704
40.78152435921051
40.786048811384426
40.79283548964529
40.793401046167034
40.78196003049197
40.782525587013716
40.79553338701371
40.796098943535455
40.784657927860394
40.785223484382136
40.78578904090388
40.786354597425614
40.78792138175056
